100000
786
715
-38
49
922
999
930
641
608
471
288
164
-5
360
-26
254
550
162
922
613
154
573
631
108
944
462
462
7
441
749
-38
501
723
397
-42
395
256
18
20
140
351
750
108
599
678
28
-33
992
755
985
916
859
939
-54
209
458
708
440
30
816
858
503
475
274
183
105
978
275
855
802
559
550
664
-83
-13
313
-37
930
754
693
840
490
-93
307
789
251
646
784
413
62
207
681
568
422
983
-46
651
-56
888
833
605
982
343
-60
924
785
551
349
559
714
109
800
531
993
64
727
339
780
839
138
224
130
545
536
277
13
203
428
204
120
330
656
300
766
133
996
503
584
138
469
442
399
577
622
203
-56
594
980
501
839
474
425
455
21
349
73
93
768
-66
773
502
843
944
438
212
456
629
423
234
696
726
222
122
4
740
643
367
880
417
40
790
251
665
176
45
373
413
254
912
104
14
665
54
488
442
853
332
553
496
411
801
861
212
33
525
838
519
817
294
998
681
922
516
769
338
701
487
717
427
402
718
586
403
699
837
979
349
438
475
-30
972
874
23
946
608
489
451
437
800
-21
284
386
300
512
86
105
144
373
922
960
574
445
875
501
63
266
81
-92
440
194
582
246
706
574
4
599
163
600
273
100
-48
706
833
127
377
818
842
311
222
8
706
-4
432
479
464
957
995
824
756
-1
66
297
429
244
816
199
433
604
318
252
784
221
737
742
317
807
587
628
671
51
548
875
284
433
804
234
583
606
712
302
720
250
719
767
123
936
669
-91
646
491
903
444
377
662
459
375
930
457
309
333
7
63
272
803
320
255
691
653
542
967
988
-60
149
87
947
572
873
433
679
327
796
105
335
598
944
81
809
802
-40
335
-74
824
397
-88
209
903
711
-52
717
126
810
292
275
891
236
722
-28
706
40
372
195
530
3
316
18
580
712
828
155
404
578
906
210
314
785
-89
-40
597
-67
692
374
961
-8
-42
513
6
885
845
670
-29
197
929
449
184
172
903
426
-48
263
840
70
395
-61
335
135
357
298
430
664
631
-9
771
464
777
711
449
576
309
3
511
38
212
792
700
697
60
762
664
38
507
417
606
105
547
344
279
29
294
349
901
29
175
839
699
743
611
2
668
90
62
613
509
778
96
854
175
118
765
98
640
176
575
982
993
518
996
-34
763
463
960
18
-66
611
352
66
964
415
493
441
652
182
689
702
517
772
592
493
939
801
-86
829
958
32
624
158
37
-7
793
208
706
179
661
576
533
132
-55
904
89
-52
647
290
442
73
523
505
436
315
276
-53
593
246
889
938
958
562
392
63
606
534
15
637
430
70
440
515
798
258
-12
520
299
505
352
749
287
504
309
110
468
199
551
907
464
-22
248
291
-98
463
401
492
543
708
-63
-42
369
58
230
653
711
609
722
-61
6
673
548
492
170
29
406
7
250
604
327
284
704
197
293
480
85
583
-75
753
26
308
466
765
117
-22
860
72
863
646
867
646
888
687
56
331
960
559
300
-33
638
181
377
483
414
485
140
-32
753
35
743
533
993
491
228
866
672
543
67
747
1
408
962
948
773
795
168
-18
362
885
769
322
-22
722
899
944
723
428
640
431
588
555
-78
673
513
461
726
42
-72
370
571
757
560
981
346
900
283
723
478
613
534
701
447
405
104
197
605
267
755
756
450
767
808
70
519
0
564
-24
3
408
322
809
322
-55
656
111
27
276
953
457
490
429
811
29
927
-57
247
787
-63
734
813
47
109
738
977
-96
645
500
362
255
653
817
283
-3
821
807
893
113
750
148
532
480
784
756
965
852
320
-55
1
945
744
399
132
151
739
-61
291
321
806
117
264
553
597
694
319
775
835
820
111
771
792
259
793
978
245
138
433
258
457
294
702
534
938
700
969
268
434
4
948
-45
12
531
276
575
793
281
114
786
989
-10
231
893
164
486
-33
629
915
848
661
494
517
389
622
795
139
577
329
71
296
682
977
513
962
728
587
732
548
391
482
43
282
715
3
220
913
81
930
902
-21
-75
265
542
-58
644
893
401
900
490
74
913
263
854
782
117
187
450
710
103
491
148
85
23
124
156
727
7
389
401
555
295
777
738
556
107
7
-56
528
326
113
370
-2
320
564
647
507
666
415
470
409
702
599
431
587
282
530
207
528
-89
969
308
427
487
366
273
380
232
252
95
395
204
157
216
838
424
997
878
555
0
24
585
132
207
523
830
647
-79
785
59
484
321
603
572
857
370
46
-74
306
732
228
-7
790
332
349
119
971
993
905
729
270
-92
518
178
300
605
75
794
241
307
967
628
669
-17
58
234
-54
261
301
152
209
-98
621
334
300
835
634
503
759
136
627
738
-1
372
731
80
78
366
868
857
215
483
405
186
84
297
903
798
987
608
491
465
762
555
936
575
174
96
745
795
630
376
950
502
842
868
660
610
375
570
693
718
52
341
82
130
768
971
700
12
499
276
406
113
589
98
797
439
932
882
-100
983
538
780
259
886
-80
599
467
361
145
694
803
716
-63
107
271
968
717
197
675
286
928
34
1
475
84
721
-23
783
712
402
339
184
86
975
431
850
113
59
711
-71
562
518
296
91
812
596
-94
882
980
866
765
981
584
440
815
-37
306
657
189
745
380
117
-99
799
974
864
699
228
190
536
821
568
208
585
504
289
379
250
234
603
268
241
993
415
-99
927
824
-96
-92
994
694
620
429
9
841
-63
811
980
644
586
878
722
766
501
590
363
479
961
595
625
298
374
475
-57
406
93
-39
316
637
809
356
7
243
224
722
729
392
61
577
32
176
841
517
279
124
761
954
528
34
208
984
173
467
753
779
152
615
343
823
-64
11
794
115
821
512
152
644
492
467
518
592
-20
780
7
430
964
-89
115
288
320
72
156
-13
454
518
106
622
644
431
-76
462
108
630
961
183
817
150
977
479
970
477
-60
560
338
406
738
353
60
167
895
448
294
957
732
768
580
837
218
331
795
257
188
650
995
915
105
699
315
906
158
569
541
21
523
166
82
355
230
972
434
927
671
329
16
645
816
74
695
689
242
815
550
656
778
943
166
110
630
391
860
138
654
965
439
211
402
342
210
551
-46
710
885
420
-19
242
223
681
649
614
432
817
66
-36
286
835
112
610
754
380
679
-76
723
290
622
40
958
485
-59
163
164
290
809
-96
181
725
189
-31
304
217
386
880
763
340
568
222
306
216
645
552
391
670
-64
13
83
943
-9
744
772
879
576
566
354
816
751
96
-27
469
435
811
243
19
382
383
97
778
202
276
591
740
473
644
911
853
144
688
368
440
836
40
294
829
493
831
88
735
184
116
89
799
467
833
498
945
731
550
55
755
838
389
910
167
465
714
151
839
824
-58
920
851
663
40
825
959
711
442
958
245
222
416
730
921
333
389
18
3
233
838
738
692
138
884
715
290
783
425
104
580
791
505
-57
896
636
648
271
836
875
436
982
-7
-63
108
62
237
655
-36
838
679
278
848
940
949
276
888
295
630
92
647
362
86
849
912
853
221
98
492
0
916
91
609
717
509
914
803
128
366
129
879
177
302
70
940
769
247
742
636
916
759
384
423
762
876
553
510
651
752
389
596
982
832
456
327
169
102
143
422
453
504
688
917
602
-56
68
99
-98
439
252
567
867
506
116
793
971
290
973
-80
727
910
724
152
827
832
802
959
681
556
180
920
-22
314
110
696
287
623
244
936
901
977
63
305
920
639
837
316
497
726
871
313
218
217
226
656
-6
-3
385
699
366
91
-74
443
212
88
811
154
658
719
899
561
809
669
-73
809
226
167
619
388
935
983
885
705
-45
526
332
390
994
796
57
142
897
190
799
284
-24
348
776
-58
289
517
35
272
588
511
599
29
746
993
905
710
555
954
-96
-90
266
263
265
194
457
18
728
-51
711
203
509
510
231
312
-10
400
407
766
-30
871
-13
966
562
914
225
796
169
733
261
932
478
984
906
888
461
162
718
847
689
750
990
320
70
975
169
241
892
536
-3
849
861
981
825
995
448
70
40
363
501
-76
964
324
90
119
655
863
193
-57
986
960
985
288
579
811
453
821
616
9
994
631
814
534
550
531
997
556
78
165
287
361
601
535
690
256
781
211
395
535
112
684
889
188
811
568
72
-49
631
145
477
846
720
261
597
235
357
204
859
309
695
630
142
953
159
84
271
292
495
180
764
174
763
172
119
128
835
252
-44
667
98
368
794
819
204
985
332
331
65
802
-14
60
412
669
-50
732
799
-83
931
102
831
182
607
45
134
254
885
152
-54
735
238
767
992
343
599
289
449
548
556
333
-85
365
340
-4
975
357
331
197
463
598
856
764
609
589
-80
805
164
47
218
702
567
-98
403
663
158
380
800
401
371
451
267
853
804
44
511
642
111
337
828
889
-55
736
51
35
928
819
809
762
919
0
823
918
490
781
632
319
532
141
309
937
472
783
93
744
877
-23
115
629
568
-30
507
771
533
-50
989
760
131
1
561
-25
554
505
248
364
756
250
-68
516
713
760
443
-15
995
455
948
790
990
679
258
452
207
341
250
28
-16
292
731
765
371
419
627
969
205
937
49
203
950
771
77
697
893
223
746
100
756
320
198
-32
767
3
549
-28
240
-57
121
864
799
20
434
497
661
88
474
279
50
250
213
863
945
336
99
445
528
116
478
26
652
805
899
453
453
179
353
121
490
843
602
179
124
133
707
363
670
27
853
951
580
746
645
392
558
568
931
345
-56
586
-43
103
590
144
-50
251
387
25
326
413
832
7
724
399
-80
598
77
462
905
711
550
631
-12
562
388
279
122
-66
484
228
345
921
746
393
301
273
826
-28
922
959
486
586
921
961
-71
353
760
509
597
676
818
981
-51
662
701
273
845
871
784
-57
195
-92
705
870
-68
-4
903
841
981
731
643
656
187
790
755
596
797
379
592
803
219
350
120
610
371
859
457
179
187
858
608
645
587
960
337
15
931
910
365
689
-69
653
649
729
386
-100
276
708
246
203
425
841
343
-22
6
661
733
15
826
337
680
692
579
780
27
411
-73
726
461
531
87
405
499
565
29
-96
609
775
277
887
-65
254
686
972
723
490
408
852
178
760
713
390
57
154
-54
645
745
220
-70
192
626
296
393
826
782
535
89
745
712
998
878
934
815
137
276
577
943
-95
360
777
3
12
419
373
753
519
548
661
512
560
221
236
661
484
204
478
565
858
146
979
107
558
44
65
266
666
500
180
247
431
890
957
564
493
759
35
149
-28
155
384
744
481
268
478
8
484
437
461
301
777
614
760
155
56
342
923
643
887
301
192
409
653
922
845
861
-94
62
-36
-83
187
233
94
585
890
902
249
298
563
37
897
497
819
297
829
854
787
395
-71
-40
391
145
782
1000
427
806
888
180
431
840
755
418
299
645
944
616
565
607
615
-64
35
12
399
929
-80
325
356
309
202
588
880
860
506
976
392
198
295
417
839
311
838
940
816
648
983
758
954
839
310
920
482
723
461
478
24
188
-86
71
204
176
78
684
188
83
481
693
22
-56
-64
608
214
661
146
711
297
529
45
765
501
762
854
509
830
75
883
261
286
82
211
665
835
341
766
155
795
396
263
149
225
81
200
266
994
530
-24
922
845
398
578
613
226
442
10
198
576
737
929
265
612
384
119
-66
-66
292
81
563
719
583
955
473
245
171
987
891
-52
917
503
540
548
356
428
-75
249
793
269
414
-49
542
709
768
458
647
104
424
932
839
909
869
697
437
249
-69
660
406
466
779
491
-12
870
148
834
81
83
101
363
255
606
749
124
772
556
83
55
-45
549
438
435
951
784
543
401
48
629
470
325
288
49
784
716
-15
978
28
328
592
61
416
36
473
47
696
900
456
894
305
718
483
111
830
693
-43
678
208
961
574
-4
926
419
-39
-79
75
645
315
721
287
974
659
266
-58
180
861
328
550
456
520
300
752
475
189
923
196
265
854
448
420
778
211
-2
-85
234
404
100
598
-68
32
820
326
338
757
27
945
571
431
291
90
347
799
678
566
514
148
-73
170
646
-37
888
21
155
109
319
492
-58
231
548
9
702
202
480
603
794
137
555
710
823
695
719
476
705
734
500
194
348
327
388
358
356
232
502
907
790
765
853
466
115
661
770
159
192
285
228
259
371
265
127
687
396
538
-51
662
332
343
604
477
-81
460
563
825
786
113
766
444
899
656
465
0
-59
637
445
-21
-66
250
604
-3
871
-39
676
832
-85
0
243
212
270
335
508
44
-33
793
803
234
-97
289
951
-60
633
859
793
129
44
488
-18
205
509
664
32
518
-37
-79
-50
-3
111
792
320
-36
15
117
660
132
-26
-51
103
914
26
603
61
-35
-1
93
314
943
924
175
18
566
-47
43
524
902
208
-3
-77
374
656
85
504
225
-97
370
92
29
7
31
538
153
902
531
-62
82
621
693
506
283
415
730
473
852
338
993
217
405
425
994
322
-58
157
685
-23
264
684
251
156
739
41
347
242
232
719
416
941
260
899
964
66
51
448
267
-20
236
118
354
441
807
400
714
533
566
306
877
325
217
550
-31
284
14
585
380
530
720
833
340
468
913
708
621
6
-18
99
831
434
85
185
-88
515
170
710
61
39
853
737
323
937
510
879
163
786
725
-55
408
273
453
321
907
154
539
714
496
283
682
191
377
976
536
697
330
207
272
243
244
658
297
148
659
226
191
703
114
115
394
12
31
242
362
908
-1
313
630
204
-24
492
716
86
846
206
241
677
374
396
361
384
-32
731
656
704
616
227
122
141
109
923
595
-46
781
248
758
865
341
240
810
505
193
336
692
356
252
991
-86
147
103
-43
-22
555
8
255
51
724
376
573
-59
597
441
21
438
103
816
904
116
-86
913
279
366
729
884
889
458
413
371
25
326
581
290
330
866
370
683
354
-76
850
572
559
467
694
154
463
588
695
729
225
688
410
198
498
646
791
81
46
269
540
289
575
858
714
591
824
956
-71
393
433
471
369
180
858
768
706
109
508
391
953
395
793
747
96
59
13
449
785
341
306
214
-96
28
17
-57
795
701
722
93
372
764
956
108
173
961
133
256
61
548
391
610
466
109
642
886
785
523
163
585
191
590
415
106
712
126
142
53
67
444
978
385
635
923
723
-99
343
702
235
-63
636
599
738
-67
750
500
692
436
193
-66
449
329
750
953
300
31
562
354
271
743
722
24
178
534
-29
765
819
208
-31
700
414
804
505
117
52
974
-68
-76
866
527
266
897
420
588
199
262
29
-26
849
788
725
-36
675
802
245
438
-79
726
140
372
134
614
-19
753
160
821
749
315
885
431
231
301
414
635
610
843
756
186
639
802
974
282
702
565
-46
61
454
278
573
301
687
350
570
471
861
991
412
516
344
736
-66
359
-36
210
646
574
772
599
284
327
382
956
959
334
16
226
873
313
229
199
268
-59
353
653
586
-85
-67
536
302
974
594
476
825
58
813
267
14
865
778
824
-33
590
-29
-50
162
53
317
359
376
471
620
517
111
572
228
170
62
476
40
63
22
216
379
807
736
9
344
663
574
75
688
526
882
105
889
-100
389
201
329
476
179
585
-51
12
645
260
601
627
966
571
921
524
594
746
996
176
855
393
293
32
181
372
791
186
734
373
0
17
689
88
485
-82
66
271
546
37
16
968
22
-75
457
349
192
567
477
165
313
851
610
754
836
945
118
808
235
389
745
39
709
220
781
312
518
929
651
972
60
431
331
-55
880
761
104
-18
450
317
518
949
126
453
-100
71
139
691
267
94
346
682
148
723
258
854
600
830
23
420
257
691
259
600
673
-49
632
433
241
217
391
150
46
300
661
386
126
592
992
294
635
242
556
-1
604
130
886
213
801
362
868
360
76
908
181
477
635
524
166
1000
93
169
808
578
250
313
801
397
253
767
942
151
-3
199
201
99
-52
805
743
949
506
609
783
580
229
-9
415
566
937
251
740
654
59
368
94
817
-79
-41
404
654
-12
959
892
482
41
689
65
683
253
808
515
168
115
53
-75
880
188
69
549
415
642
880
228
782
916
838
715
30
521
176
228
935
752
139
359
647
743
830
101
998
101
211
734
562
861
576
303
273
158
569
47
77
116
324
189
381
413
229
879
832
65
397
891
674
148
809
757
921
643
501
512
869
498
354
598
535
578
775
199
896
964
435
456
37
467
103
330
-62
608
938
964
87
996
415
492
534
271
729
381
594
691
895
15
261
109
327
789
262
750
127
5
455
464
84
796
488
565
740
723
-75
373
412
703
162
-35
265
316
455
586
68
953
637
966
509
159
16
22
733
165
603
394
514
659
310
552
197
479
369
-62
27
195
14
501
987
-15
792
7
733
308
-26
157
408
996
299
-42
-49
520
811
446
680
-100
690
454
369
-47
726
654
796
491
-83
682
519
290
795
503
484
582
350
143
741
11
93
780
619
703
932
32
871
763
564
344
731
914
790
427
9
377
164
-16
24
269
794
-41
28
0
215
521
646
717
46
681
632
385
325
430
655
323
263
447
19
954
591
36
515
857
856
707
249
855
171
546
694
280
918
55
307
-78
804
714
742
531
404
358
-28
793
196
137
442
455
851
511
942
108
618
310
478
90
688
606
906
210
281
825
374
-60
795
665
391
965
886
857
251
672
449
314
634
998
356
30
737
802
605
941
748
20
448
902
-7
986
180
100
128
455
563
593
322
-83
941
310
286
135
589
466
20
970
413
406
626
399
502
481
883
597
60
225
441
456
583
457
626
867
463
3
627
698
600
619
235
874
57
376
281
53
300
89
174
445
380
917
-17
723
719
807
913
537
781
322
889
616
451
564
841
633
300
-57
262
937
227
844
3
412
250
590
565
-89
641
284
671
111
-92
847
203
538
51
35
-29
-20
-23
960
730
813
554
454
117
-42
548
77
700
411
203
637
823
-4
591
265
791
595
859
953
400
74
917
260
871
374
159
709
513
631
266
437
229
675
438
488
153
833
882
116
125
545
657
595
716
153
452
888
367
201
-27
55
696
343
871
382
522
133
352
683
-83
488
735
902
740
809
719
166
411
878
352
90
105
536
514
704
35
977
892
216
781
750
850
819
156
-56
746
539
737
-23
444
956
689
428
866
548
258
-100
914
778
-84
872
-20
41
844
266
424
276
841
850
80
524
388
269
399
213
980
500
321
412
335
804
285
536
797
228
802
405
587
49
664
198
663
318
999
62
140
636
56
418
231
145
126
545
380
165
998
838
209
260
116
465
998
-79
249
122
211
593
475
253
606
806
140
861
634
93
243
275
114
884
611
277
593
367
472
538
740
62
983
270
658
609
559
386
38
548
12
598
313
292
652
215
996
70
758
758
878
995
926
734
595
891
417
848
-62
79
36
484
449
458
269
663
820
602
440
989
863
839
599
854
596
917
513
184
-75
135
879
306
938
349
959
236
207
994
332
683
730
614
171
50
565
35
286
176
160
-61
485
-47
911
363
307
113
848
5
631
327
450
735
89
93
198
850
613
292
906
146
432
981
19
92
487
953
627
721
776
868
161
15
190
13
805
564
86
478
768
383
936
705
476
306
669
167
785
53
156
871
579
801
403
434
275
432
756
53
6
22
-46
810
177
663
606
264
654
676
850
243
173
-76
164
214
602
854
822
702
447
-80
462
317
918
820
895
983
582
993
356
-7
430
128
238
909
406
735
679
916
611
-38
647
971
966
821
629
388
467
-81
368
379
27
604
109
21
214
503
917
101
248
263
66
942
-62
937
340
333
168
209
983
-55
-65
912
476
624
425
591
515
298
42
365
976
840
647
-33
107
-49
583
756
715
115
353
722
684
187
549
910
522
644
278
952
784
828
489
909
104
870
772
834
145
175
706
223
888
305
470
478
278
351
-45
711
106
697
67
863
955
50
799
49
131
912
686
717
651
525
370
310
664
522
398
79
515
108
275
641
721
895
766
643
873
183
291
16
154
-59
40
578
394
777
794
247
524
641
914
471
-51
289
-90
315
837
669
100
763
-84
578
22
482
300
55
872
472
571
84
161
957
530
929
871
569
8
-11
3
239
814
-90
927
870
432
904
-3
-38
-5
816
896
320
593
914
325
537
482
442
94
51
210
429
298
233
214
997
751
334
524
393
132
684
258
668
732
850
764
155
372
337
483
974
285
305
106
466
464
538
-62
238
977
-63
819
437
494
39
225
423
-19
571
558
527
642
612
406
-40
83
700
12
355
9
511
860
877
384
56
722
-95
421
225
285
917
457
987
755
817
209
77
252
59
327
774
778
166
861
713
646
524
651
612
772
618
974
261
914
188
803
528
695
107
-34
362
151
-54
206
125
581
977
656
338
303
139
824
-75
107
160
870
215
286
31
225
-29
-67
808
-98
34
51
622
377
531
940
387
193
965
360
223
735
250
500
620
-57
331
896
430
760
-64
398
540
670
332
275
132
983
930
240
140
760
200
729
87
561
954
802
638
711
823
359
749
290
492
908
724
342
487
-30
981
600
50
450
926
723
413
239
623
673
312
592
980
349
640
308
245
283
186
226
115
879
773
350
635
431
684
772
445
467
18
181
-54
276
233
137
340
302
359
272
796
85
711
692
476
-18
485
212
154
456
129
182
-6
13
954
183
96
366
214
-69
922
-89
8
811
685
79
-95
748
302
549
66
669
770
394
240
496
342
134
839
253
101
786
456
374
483
689
635
-27
836
968
344
278
-78
181
956
170
327
219
109
239
958
225
518
53
120
103
223
834
776
938
667
885
-69
964
497
623
59
39
395
551
875
558
593
964
28
892
60
839
567
19
786
785
98
256
781
65
646
189
297
136
32
380
64
443
172
901
748
569
886
463
166
278
254
180
336
869
649
-80
634
706
928
68
232
506
1
917
981
396
960
156
22
817
923
573
932
-59
528
225
968
685
649
921
945
317
381
102
372
-3
88
444
-25
144
472
141
-1
122
5
147
332
990
138
0
889
-29
117
491
506
-74
-82
833
487
257
526
322
339
411
174
295
-100
661
914
88
97
372
122
815
600
713
784
442
9
40
589
784
149
62
311
215
614
333
378
483
80
477
176
3
155
280
731
98
372
-30
993
232
687
651
216
128
877
651
456
49
90
418
-87
475
998
187
51
12
-79
652
127
799
870
179
985
674
26
-67
923
289
692
-21
72
35
281
427
370
852
719
367
747
282
273
-69
137
25
580
955
86
168
69
519
315
644
872
990
197
37
589
196
866
524
424
831
977
801
477
364
320
804
754
704
407
860
660
71
926
811
704
472
836
774
947
-32
313
790
363
22
-5
917
123
651
93
250
506
585
960
219
333
11
919
484
664
-34
721
567
630
566
553
353
62
759
435
215
226
250
659
-22
570
694
379
253
806
99
154
-52
93
364
100
112
410
999
51
409
243
310
349
7
-50
627
980
-40
830
610
-38
14
17
16
638
518
53
683
801
247
619
220
292
821
177
980
669
405
549
428
606
8
242
537
468
872
746
259
350
509
588
289
-96
785
431
875
-45
485
242
826
244
-65
743
49
236
806
345
846
-72
162
842
768
758
267
-2
315
232
906
584
672
184
964
589
825
39
866
-14
134
68
730
270
432
295
459
-94
117
313
24
415
972
81
356
-50
541
228
786
785
85
968
130
898
133
62
294
176
491
54
466
113
502
777
493
550
150
159
452
-87
365
-68
129
166
44
162
284
625
5
327
857
539
-36
638
952
505
101
869
103
32
120
387
293
138
528
902
725
296
477
286
219
960
918
994
715
725
467
339
471
528
90
666
935
637
561
110
536
768
170
717
87
-51
145
402
840
749
279
702
780
169
-10
162
463
865
647
495
435
790
491
206
259
948
794
233
350
779
584
435
346
360
514
800
230
608
600
368
245
20
707
643
195
701
710
446
-75
-18
853
349
861
261
641
604
400
838
768
633
92
174
801
118
381
46
696
14
616
812
214
490
427
871
19
971
110
955
295
857
830
394
367
720
559
890
438
909
567
318
204
198
469
372
61
821
819
-85
324
481
915
866
273
618
332
220
549
164
424
875
542
611
381
221
924
-87
580
392
621
859
223
745
617
182
807
226
768
639
180
684
761
137
96
621
856
468
261
6
293
116
78
707
622
216
440
-9
296
960
579
-55
731
537
576
203
45
591
250
16
723
824
560
734
748
787
-18
-60
325
74
277
391
964
790
206
508
758
31
856
129
-3
659
111
834
964
368
966
454
522
730
115
338
279
637
110
858
237
16
575
579
666
257
15
-19
171
933
796
345
738
847
170
842
859
471
90
147
91
-6
-33
123
349
996
630
465
603
550
849
200
269
243
959
300
755
438
68
752
760
-15
289
69
-10
619
856
336
185
-94
778
485
464
737
426
662
553
882
-19
401
841
634
489
410
345
477
599
454
-57
121
797
261
152
415
39
954
659
453
889
753
712
567
211
-93
804
474
-83
855
649
198
426
-37
872
489
779
588
270
937
187
103
-46
295
1
273
379
639
255
736
555
905
189
56
169
145
560
569
743
994
52
-41
608
-30
823
957
216
741
150
923
297
965
822
-89
310
694
323
718
520
-76
246
954
89
608
17
273
732
488
904
19
432
95
883
520
630
733
229
338
514
661
634
867
23
171
218
322
361
364
721
559
-91
-68
11
290
314
730
402
280
665
530
780
137
315
250
401
894
344
210
214
50
745
528
960
628
-13
690
914
888
577
-39
846
630
760
863
836
175
192
523
849
730
256
900
435
18
686
276
193
-81
463
184
331
744
39
428
480
539
690
566
717
501
304
363
-26
550
815
751
56
647
379
201
208
965
245
949
448
327
336
776
278
82
-34
293
679
301
267
908
550
489
803
89
297
-83
381
174
654
-1
-43
796
237
318
920
641
-98
408
824
606
728
944
53
-97
580
134
199
199
181
-4
778
432
663
323
150
755
627
645
592
615
951
409
290
74
-20
-98
908
598
61
14
424
634
373
301
351
970
31
-53
11
433
-30
646
584
684
710
-25
265
175
-31
797
508
435
302
527
-31
663
454
-88
-61
420
-100
690
335
-96
-68
532
40
-39
785
8
335
643
-87
995
549
879
943
390
725
475
814
163
367
401
-39
134
989
912
440
813
321
978
143
-50
498
536
463
-78
170
276
845
-20
231
241
282
84
149
389
757
489
199
680
621
735
730
47
667
9
708
774
94
-35
-45
755
431
718
664
-86
311
678
966
177
912
-3
-33
926
143
137
357
409
768
416
591
481
49
244
15
269
348
183
18
719
260
792
688
264
288
332
975
425
905
714
26
56
217
900
182
387
409
-36
488
445
358
817
55
494
409
322
100
463
54
694
146
891
753
-62
374
-70
181
-76
540
455
108
293
811
-20
846
567
707
171
27
356
552
573
826
68
-98
198
878
480
193
373
997
772
28
727
230
-88
941
245
536
232
357
437
755
821
208
503
483
233
897
494
925
227
971
544
339
926
304
205
502
102
453
588
779
251
268
308
282
695
738
-38
603
909
539
881
300
451
60
-47
230
912
179
287
133
39
920
279
528
813
745
135
-32
218
824
769
480
408
416
913
986
887
551
177
430
-4
777
223
252
369
773
846
176
979
114
837
924
850
755
990
499
468
232
275
530
215
888
978
417
234
757
188
449
421
416
996
462
610
623
992
792
286
46
167
408
754
575
500
25
956
311
-99
437
302
859
584
866
161
173
54
149
723
386
887
983
764
963
640
200
278
891
607
792
100
464
-27
626
410
160
907
904
92
598
701
-84
119
176
281
557
497
-37
728
681
604
122
878
430
-92
445
20
485
213
458
49
674
946
210
339
452
549
373
-43
719
906
666
73
130
-37
818
712
143
326
901
1
254
517
843
-25
666
109
89
728
53
-96
273
-74
415
95
-61
870
731
31
129
-3
414
877
686
447
302
821
290
-73
716
122
916
200
68
407
779
437
416
58
775
775
491
490
567
-33
470
544
587
547
499
228
402
132
277
35
733
601
392
827
959
22
683
632
91
447
624
121
76
286
309
678
386
6
666
118
375
323
187
855
47
10
226
334
67
948
392
756
429
801
739
624
179
651
320
241
552
593
107
674
191
8
587
434
995
907
502
677
732
593
154
136
248
-51
817
830
-90
865
151
707
-91
360
433
332
888
475
70
543
117
436
486
-32
804
426
490
429
-94
284
923
976
873
458
480
927
499
59
321
630
693
927
961
666
175
256
-34
830
785
116
-90
418
287
592
925
145
663
511
207
476
544
-91
980
395
653
362
585
540
394
481
623
109
825
300
692
918
227
350
98
753
375
182
399
115
123
413
201
729
797
307
142
369
808
436
598
271
184
148
268
424
343
972
710
580
571
-88
651
663
-77
842
575
-99
486
541
191
646
949
421
955
-87
815
62
431
288
67
837
370
291
902
594
77
392
714
-63
679
741
106
-62
647
144
88
812
506
771
96
539
937
-34
239
6
744
2
-4
84
305
319
496
617
793
870
975
223
345
612
43
838
289
535
429
599
638
769
477
599
554
144
-82
636
141
602
167
-52
831
462
133
52
871
520
69
954
921
706
769
604
791
178
200
305
96
110
-9
505
468
312
806
606
95
50
526
-14
784
789
959
632
212
231
721
-91
156
710
805
501
329
694
253
303
-13
729
26
777
750
401
-83
179
744
-90
610
669
918
202
598
919
227
793
117
419
49
310
322
833
881
175
726
578
478
839
916
654
405
637
464
531
993
122
588
889
132
962
7
187
-97
226
159
133
22
358
827
903
549
138
620
94
776
923
885
125
311
780
610
826
368
883
722
554
372
280
-71
253
985
941
187
429
162
916
780
572
-84
557
640
644
283
449
735
993
688
655
460
500
211
965
141
844
-48
189
617
387
504
757
938
563
282
979
692
-73
4
807
483
801
151
752
552
934
857
755
648
-93
678
776
482
-61
458
481
703
455
-27
53
738
325
765
850
554
570
408
215
311
759
-31
576
176
860
908
207
575
573
963
457
334
23
729
93
730
806
806
-83
207
794
970
987
40
823
70
672
949
996
-86
860
894
304
588
-41
143
232
665
771
540
-76
190
826
394
254
388
647
77
988
384
329
820
835
383
914
223
437
182
181
155
198
612
489
160
435
485
599
594
507
-48
-10
40
41
790
458
110
858
520
238
796
418
841
877
803
-99
548
522
458
526
586
341
939
305
596
-54
544
897
990
-26
681
681
962
181
703
474
657
188
239
146
591
629
384
-67
925
294
391
804
119
589
696
79
497
175
909
423
903
481
38
764
455
69
773
716
969
161
-26
576
723
421
155
965
579
746
-50
157
515
55
108
536
134
200
958
255
280
205
290
-77
-78
351
464
654
489
657
694
916
-13
420
609
782
101
840
809
350
900
988
492
126
359
-84
93
971
147
736
629
603
-92
638
37
-76
822
-44
-12
672
289
435
582
320
495
115
719
-29
896
-25
48
888
593
278
797
426
799
62
-63
-35
463
457
20
988
29
952
-18
278
282
81
933
734
536
706
795
29
597
268
408
204
700
-92
635
892
-91
922
311
-23
213
151
600
308
887
171
26
944
898
331
627
896
189
749
154
329
520
887
668
404
393
293
807
469
960
937
2
531
853
-60
618
566
868
177
312
218
705
744
364
766
-15
109
561
869
521
518
947
189
379
885
902
312
601
96
371
682
-95
105
668
163
689
831
168
42
545
624
829
957
918
935
129
42
943
932
334
514
368
785
293
645
68
968
457
684
-11
223
241
927
57
965
55
863
197
333
0
730
196
-12
470
561
0
576
523
-40
760
86
126
626
220
973
207
94
445
412
386
794
771
326
-27
837
450
222
-14
648
863
365
533
458
683
443
499
615
624
499
844
-71
875
470
691
379
-63
613
359
345
732
198
704
370
935
18
444
976
215
386
-98
882
581
701
902
137
632
387
999
22
304
200
21
46
621
598
163
763
530
612
457
989
972
199
51
122
694
555
683
-49
391
435
560
421
481
788
596
225
49
555
177
828
60
822
585
843
782
123
230
993
622
79
319
56
940
760
199
908
289
81
610
191
759
324
724
434
81
576
713
555
340
734
120
920
903
415
209
143
924
382
281
-38
194
291
42
19
152
4
767
171
929
-68
19
776
911
677
-44
914
70
410
957
553
272
982
887
240
886
104
818
3
32
324
236
308
38
72
513
981
714
158
447
264
655
297
672
79
64
67
194
752
770
997
364
898
423
602
376
482
375
538
887
307
807
678
545
778
155
503
379
95
957
221
649
840
592
978
101
204
889
601
803
193
306
546
372
318
763
525
-81
837
665
712
246
167
414
757
51
90
602
985
-100
611
307
461
749
-87
-28
174
769
-91
225
955
-49
559
614
17
204
690
-87
151
42
467
256
262
223
977
303
701
234
246
651
-92
916
848
638
699
-99
197
306
-40
218
591
1
291
154
299
857
685
23
-40
281
282
225
116
886
661
835
6
221
904
229
830
245
52
285
277
790
657
-22
584
572
6
220
573
222
461
754
280
-35
135
89
854
617
294
308
238
-86
559
965
403
330
893
776
596
-92
-49
502
817
419
384
287
932
824
133
78
25
376
872
-98
-40
954
306
-25
638
247
498
401
649
87
934
606
232
982
228
928
206
67
929
969
8
388
300
196
516
-43
203
686
201
808
387
58
896
791
409
42
371
540
42
532
981
20
58
523
429
955
863
626
80
161
256
848
766
149
574
811
-40
115
529
578
289
-86
707
717
621
462
137
186
672
530
62
728
222
946
838
869
639
495
404
729
2
783
886
413
763
394
396
86
344
71
67
705
633
567
679
768
776
-82
303
-66
39
-82
349
685
74
294
531
246
-86
701
585
624
374
790
305
299
139
845
77
55
494
358
332
608
216
897
672
419
671
148
373
17
41
29
831
409
984
450
620
386
290
673
967
500
716
801
-78
541
204
724
364
-100
200
113
-54
306
970
949
701
137
567
-58
-83
753
505
975
359
335
-49
182
270
773
454
-98
845
926
332
832
974
482
990
529
528
472
806
-59
321
-65
344
604
730
1
661
373
310
681
970
761
114
50
773
316
673
495
625
63
126
-66
894
-40
612
455
412
365
976
734
896
297
425
582
698
355
187
892
946
876
648
123
494
720
48
3
714
981
834
782
13
910
420
524
706
-58
443
536
974
802
-79
-85
391
770
73
69
379
24
658
145
432
615
531
967
783
-28
325
396
137
388
555
447
69
910
-12
314
677
727
516
767
210
647
211
350
116
-1
792
665
123
681
759
425
267
579
654
918
492
159
869
902
500
991
580
331
965
-85
599
917
703
89
795
-47
689
506
-24
897
388
319
727
157
111
418
60
297
286
854
-16
302
424
379
33
31
392
257
948
442
2
441
736
879
528
517
785
548
408
148
789
-43
912
182
7
285
259
414
361
840
305
682
707
596
43
594
368
887
-62
883
-88
350
22
632
62
744
734
9
909
974
263
110
-87
536
473
308
876
618
301
239
547
110
933
758
112
214
373
-77
67
590
-7
275
392
-47
206
196
842
-99
377
668
497
338
90
246
779
620
545
179
140
541
697
940
772
-83
244
500
977
610
90
683
997
591
933
897
188
671
-65
388
570
596
88
-8
998
147
-27
788
-25
326
161
-23
546
447
159
89
157
840
244
661
631
66
34
453
452
167
599
-96
298
518
781
648
366
252
-29
133
11
842
980
858
910
299
606
403
442
589
-91
626
926
901
141
394
33
267
632
-86
590
750
83
609
53
854
709
149
812
560
776
185
454
218
-25
-90
18
73
959
232
969
798
585
-54
490
386
77
346
-27
449
523
866
66
64
436
621
140
490
-59
-92
711
249
30
634
50
324
963
717
415
848
313
-83
183
640
505
352
130
700
409
111
963
527
458
208
948
377
49
545
-28
673
368
294
199
-49
-19
659
468
799
-98
103
892
485
299
215
417
932
717
886
670
61
612
941
321
784
599
-49
742
875
989
125
31
91
101
900
981
282
402
-51
334
394
774
854
296
915
989
734
960
270
0
-90
770
173
410
339
228
93
425
371
664
802
59
461
-77
44
938
80
915
652
986
5
420
275
981
664
576
113
-36
74
708
976
509
881
712
278
661
843
75
244
267
602
720
971
927
154
632
741
396
291
239
986
295
944
799
867
387
874
118
691
888
375
669
-79
981
404
285
73
497
401
929
218
856
565
-48
856
65
949
199
45
-68
713
462
270
458
977
394
636
-74
579
498
751
678
59
545
206
15
68
60
540
320
537
196
341
346
636
-6
900
276
372
630
429
604
495
848
589
618
590
-71
-8
901
65
873
783
792
559
238
900
-84
576
971
590
458
769
890
450
514
599
152
-82
612
663
712
-52
678
827
787
810
961
316
986
786
803
702
691
625
474
796
487
321
938
12
346
645
467
282
-32
944
230
843
304
11
489
-20
410
788
893
261
785
38
630
892
892
786
708
37
218
715
-91
384
20
117
379
955
614
931
129
113
985
869
320
152
734
607
-33
155
620
613
64
391
-43
396
356
651
838
425
-34
401
563
355
319
431
761
2
255
520
102
456
899
238
25
826
482
568
231
-93
235
701
24
704
232
570
382
595
985
973
43
935
304
897
196
444
910
-86
405
574
577
157
566
62
340
711
969
221
-50
394
-38
967
353
987
927
801
506
679
979
268
726
992
774
-7
702
919
183
565
643
685
-92
38
611
336
105
877
-5
892
37
286
10
649
-90
-37
452
285
686
36
480
830
883
58
51
743
802
373
900
731
464
763
342
905
133
948
828
582
154
316
445
16
106
969
952
827
787
533
891
881
379
842
45
590
225
316
301
923
762
808
932
611
429
133
479
462
746
759
184
213
316
515
271
428
-45
670
366
926
524
382
311
21
419
392
160
289
975
817
76
968
143
831
521
2
500
887
129
780
637
78
984
859
395
475
859
850
614
630
959
650
841
770
214
240
634
-21
336
866
716
865
789
193
78
903
116
95
755
241
823
395
511
417
96
741
553
370
577
963
108
-85
970
776
-26
254
219
876
246
461
189
605
972
383
935
904
277
446
503
153
705
44
879
864
587
892
206
743
228
735
796
187
38
347
596
486
690
27
187
337
286
915
203
836
951
627
892
203
-48
340
-43
16
726
320
-34
243
-22
778
985
658
106
712
-59
6
682
432
71
861
240
696
711
789
449
44
279
38
441
67
531
899
-49
39
696
109
200
288
988
194
534
424
540
933
675
822
419
990
829
284
900
240
796
399
560
59
919
144
309
299
283
630
235
711
850
505
369
44
720
715
699
20
913
453
134
457
-24
447
727
-83
358
175
62
700
-93
839
294
541
679
736
880
584
48
572
13
680
425
786
488
768
418
15
577
995
269
742
226
338
395
540
847
863
221
669
480
-82
596
171
651
370
115
894
840
-44
362
412
464
37
23
128
766
858
-76
27
934
371
457
50
504
830
727
951
648
380
815
108
974
951
63
511
486
745
848
638
315
35
51
373
412
863
831
456
884
85
973
880
-55
791
504
443
44
248
657
578
734
829
-46
-44
-55
-77
294
860
519
53
339
81
366
787
119
35
449
-19
991
812
460
902
178
895
-69
62
160
454
41
921
735
596
328
398
910
691
36
304
356
363
441
134
49
305
876
960
-61
204
907
427
785
-29
854
536
807
429
-60
465
163
652
-63
-83
199
895
627
-16
179
331
929
163
668
823
-75
121
255
333
493
394
564
969
805
750
-17
800
877
291
778
148
852
611
-82
889
560
-23
730
735
-52
862
484
837
473
542
669
633
603
863
874
570
-2
606
-11
881
859
421
-70
572
278
223
520
-10
134
476
260
751
921
160
895
268
221
211
827
312
-49
413
336
796
622
107
909
642
221
157
170
853
973
628
188
870
821
732
995
417
-58
78
710
81
357
653
564
649
791
407
319
133
417
775
931
825
273
87
983
642
374
-78
377
825
-79
86
865
953
638
742
58
505
5
-48
690
16
19
545
515
550
217
154
618
68
893
908
866
96
929
843
438
741
528
20
698
787
230
-15
-7
22
252
538
786
14
92
107
738
449
862
143
143
588
868
247
451
924
151
621
-69
-18
18
56
18
141
588
193
821
117
858
124
312
894
97
852
528
91
515
540
997
947
450
482
744
299
765
66
554
909
880
313
268
385
181
-24
725
-28
647
825
97
902
989
511
297
32
759
-38
586
941
936
126
501
868
537
921
965
236
107
144
911
72
889
482
855
141
584
-44
149
989
239
813
761
89
294
455
943
400
444
182
166
973
-82
232
-90
932
620
305
273
569
142
112
-82
427
1000
231
371
510
319
685
27
-28
102
465
158
-61
-85
594
372
1000
67
-1
-17
690
928
894
970
163
265
928
991
571
44
203
301
99
930
-70
516
842
995
242
937
499
693
-36
263
138
188
883
153
366
101
881
250
518
548
826
-83
477
245
267
704
-26
811
484
-5
293
615
37
-33
400
786
839
199
113
152
688
198
742
318
593
577
-95
680
-67
124
87
393
757
322
312
612
128
302
735
745
621
-10
537
547
482
915
883
717
718
583
-84
59
341
247
592
859
771
893
933
507
663
204
508
329
329
-10
492
833
971
187
775
816
-32
33
543
-66
862
909
960
590
804
939
102
-31
293
706
850
174
228
709
984
590
456
861
479
951
168
114
772
-97
972
1
532
95
831
367
-79
96
990
25
926
-65
209
561
678
501
26
318
594
146
114
392
324
428
640
27
658
378
-98
536
376
101
83
923
894
681
58
837
302
-42
4
12
241
49
510
752
717
582
516
576
732
318
341
821
945
288
304
137
773
411
985
497
-77
-95
818
-16
496
349
395
348
9
563
746
506
482
872
513
934
158
133
-16
934
928
377
913
479
957
630
793
986
172
259
385
509
380
-8
223
804
882
694
24
696
209
445
951
93
177
440
906
626
757
431
363
527
777
250
476
890
450
788
19
447
631
177
170
142
804
836
610
767
417
364
583
690
249
324
107
768
272
961
292
576
440
976
677
43
602
668
539
178
423
304
169
907
656
719
-74
686
485
683
979
918
825
673
-39
633
286
416
392
793
42
672
823
3
591
130
938
317
525
647
796
56
560
94
389
836
284
275
881
914
520
789
142
966
352
830
869
696
-10
750
53
575
231
391
494
916
149
337
4
133
144
-17
17
130
732
639
477
999
125
600
603
637
288
569
62
170
309
242
-21
153
148
657
965
987
877
871
899
217
103
548
593
-20
774
-32
303
692
252
281
571
-96
517
-51
-26
646
87
953
85
35
680
373
-23
900
152
357
48
288
926
216
444
790
572
636
764
357
999
924
-26
818
686
447
-58
590
360
769
675
48
266
-68
523
510
855
694
699
206
893
806
88
-53
527
294
304
182
-46
890
969
40
408
32
518
526
502
348
122
242
204
536
45
954
442
970
176
601
210
85
67
855
371
960
768
273
70
318
264
641
604
984
630
73
184
327
210
931
668
2
789
10
187
725
853
812
325
938
457
100
654
673
368
562
873
389
502
-46
938
305
126
141
775
207
438
498
741
345
338
830
336
708
898
822
892
-36
679
523
570
-28
746
41
366
697
226
513
473
317
546
52
750
863
203
340
299
650
710
191
860
285
800
618
655
276
-25
84
243
837
464
97
727
501
10
641
976
-65
-10
29
558
-3
566
906
784
464
710
440
-87
725
349
257
151
590
731
-6
309
259
820
153
768
-19
636
193
254
307
254
632
-2
203
629
364
68
605
374
710
331
944
159
94
18
277
818
991
541
102
434
341
722
203
26
326
276
416
165
539
756
822
963
388
433
905
243
560
250
-44
850
944
668
20
759
193
798
254
22
329
33
303
394
377
629
-13
949
441
101
997
-28
647
598
98
88
658
-37
876
908
755
219
866
31
533
290
738
986
277
973
596
708
317
505
129
699
752
276
62
283
830
739
974
646
880
60
133
695
742
473
168
205
124
110
88
54
880
934
196
710
-91
459
745
13
834
831
13
62
514
364
66
56
45
583
837
674
-53
597
612
100
601
996
228
595
187
300
772
220
-84
406
985
663
-8
273
210
504
260
914
479
503
62
194
321
-80
758
685
-73
288
36
596
337
892
-15
43
840
766
367
801
925
740
921
508
905
927
-55
170
553
222
749
869
699
316
673
928
538
96
887
-31
374
938
63
206
449
463
-1
423
837
105
518
123
165
174
668
891
-66
491
963
337
-35
-67
283
679
-54
338
812
955
916
-77
768
102
58
385
531
966
591
926
400
874
225
73
499
835
236
870
105
722
735
676
772
164
493
565
-19
832
-82
-56
753
493
947
922
13
659
451
432
227
597
275
196
293
339
308
383
460
-13
181
-53
563
790
42
729
595
473
954
244
651
881
187
727
927
678
48
967
433
855
791
-64
126
288
-59
874
46
541
-36
711
161
346
497
346
498
551
942
289
562
220
-89
560
816
426
248
205
1
385
570
854
491
716
730
460
352
326
728
648
299
320
844
812
616
161
839
-38
964
264
-34
199
911
61
258
918
307
795
187
671
855
181
652
51
203
202
569
224
249
77
134
399
824
957
259
394
0
390
-79
784
131
617
737
-35
906
-2
-36
342
20
129
582
897
-88
789
781
1000
3
728
156
36
986
271
607
891
123
-1
823
274
-57
82
111
737
46
258
268
357
859
101
546
45
163
414
157
144
935
606
384
181
404
220
704
593
765
986
988
366
312
38
746
304
753
877
481
611
832
632
525
617
114
719
135
131
648
220
539
317
814
129
519
519
353
128
147
409
305
646
123
488
810
191
366
589
711
556
-94
145
352
578
457
255
65
391
412
241
917
770
380
382
157
619
18
509
937
898
-29
638
-12
666
300
803
367
-38
327
803
325
556
730
264
970
422
654
700
-39
0
-51
633
939
152
27
203
655
113
802
-51
165
448
922
642
-20
604
428
421
517
250
739
923
610
-28
31
775
733
523
794
-33
109
263
431
247
999
-84
574
980
0
14
433
746
644
272
536
397
996
456
433
112
651
502
314
429
141
38
106
312
777
249
703
-23
974
-83
904
680
591
369
514
411
686
294
-84
732
681
409
943
920
567
608
104
107
981
-91
-61
225
123
992
456
123
178
71
273
466
-83
706
985
-79
667
-43
651
741
787
865
93
959
990
377
522
165
263
899
888
460
796
304
983
548
454
801
154
775
-31
262
152
644
670
359
826
-56
168
601
472
-50
69
551
124
355
551
-63
714
885
556
586
337
-45
-69
229
856
43
545
-44
746
476
792
682
649
399
154
189
805
719
-51
517
953
397
942
700
64
546
470
990
968
747
405
539
177
437
135
295
299
323
177
369
600
-70
495
541
201
150
214
564
673
438
632
819
943
880
557
327
912
723
266
159
180
222
166
902
358
12
696
52
-1
721
-92
512
240
789
-97
3
202
67
709
952
938
893
256
295
242
994
730
740
421
313
54
571
896
137
665
45
364
990
684
885
-64
213
984
20
120
188
180
-14
852
769
829
113
172
660
979
544
640
-19
104
435
371
918
621
657
200
456
800
993
655
535
964
743
190
668
-42
617
720
522
869
22
176
390
646
635
845
571
453
160
795
641
-54
228
812
621
206
387
537
412
-62
880
602
764
44
624
138
993
434
627
615
71
796
962
-31
255
115
432
18
991
862
905
108
482
298
795
209
251
647
275
562
955
46
180
987
19
234
58
262
550
778
684
228
245
780
987
158
293
335
289
337
156
256
741
768
33
660
144
953
178
-20
810
-80
875
640
500
628
306
90
188
458
390
810
783
118
183
97
299
117
304
867
623
848
858
730
226
337
480
245
965
632
126
878
601
-95
7
587
225
221
429
443
445
303
199
445
174
175
78
489
360
791
993
332
742
462
-15
-74
-37
-84
928
958
292
18
456
191
720
857
742
486
821
140
326
999
-12
367
217
316
332
206
-79
986
-61
441
880
163
577
521
410
624
47
943
433
690
547
580
608
765
680
394
821
460
499
558
392
578
856
311
-82
308
678
187
829
891
726
-20
462
425
557
886
18
-67
-95
830
-69
-52
177
505
418
-35
521
616
934
453
440
917
411
559
25
713
17
949
812
314
504
875
385
318
-60
139
766
391
349
795
844
453
551
1
370
331
119
981
952
772
707
728
958
708
728
109
377
-30
280
563
664
673
226
223
308
-10
976
1000
192
550
568
858
30
942
-32
676
628
511
902
88
230
106
998
602
92
392
966
54
147
732
23
545
745
166
568
718
276
946
219
669
54
197
467
134
256
614
-11
-61
374
-97
69
681
772
921
65
2
550
703
124
428
818
34
820
271
168
436
736
-74
71
803
711
470
993
171
181
424
-61
132
235
311
518
385
-52
45
210
241
947
115
-45
569
523
630
898
568
519
788
613
493
635
-86
214
983
413
548
-88
534
714
950
434
556
394
885
223
939
584
162
675
744
778
773
657
46
614
787
354
105
895
248
527
338
-30
565
-28
597
911
20
765
887
460
884
186
552
494
243
713
816
927
237
564
485
633
162
377
601
246
831
918
238
184
666
795
937
222
-41
871
212
336
-83
197
747
110
317
-3
552
18
616
71
150
789
766
699
691
467
69
16
14
188
446
114
890
907
4
126
584
209
890
627
76
806
-32
275
721
937
236
488
454
18
553
538
826
592
786
580
362
596
603
386
794
198
864
654
636
974
783
537
169
56
57
386
499
-47
95
994
305
754
618
155
11
758
72
973
901
981
673
986
929
305
290
32
558
22
156
18
851
458
243
946
62
-22
68
41
457
96
832
910
93
-28
414
952
885
110
745
394
893
806
503
440
382
685
83
274
200
953
811
784
761
211
585
763
621
-33
734
-40
227
276
327
569
-40
912
902
712
411
796
452
456
279
3
644
9
730
222
623
56
714
96
752
564
605
418
810
672
451
350
611
285
311
560
84
544
350
23
208
318
212
219
905
252
905
66
-71
331
252
249
952
224
696
815
495
254
-98
851
312
867
76
633
21
428
787
652
606
415
761
332
517
713
288
487
195
535
761
661
429
38
687
256
983
33
889
961
-20
229
77
363
958
921
62
276
342
711
512
66
368
477
746
223
-39
-55
979
718
-8
813
515
62
741
100
454
545
695
447
88
448
899
408
144
749
298
594
162
151
367
875
311
976
465
745
825
548
574
488
243
583
73
248
557
659
996
866
625
287
165
257
901
724
669
-25
-9
389
13
511
361
805
696
-91
429
122
936
866
852
283
555
306
294
782
345
-84
606
853
502
582
79
553
581
57
440
-5
158
-16
837
20
230
819
749
635
453
746
15
797
-73
159
426
594
613
305
96
172
370
-88
564
396
495
739
399
343
6
953
367
489
926
7
633
947
360
798
902
986
-28
-93
27
970
159
706
153
351
819
964
11
3
479
123
456
409
709
393
49
104
170
432
607
640
395
870
851
985
503
910
94
653
950
374
613
616
609
734
981
396
511
-3
67
750
-59
967
525
744
751
297
765
658
-23
873
214
388
252
694
844
292
526
696
565
800
-85
-14
201
799
119
488
63
-67
-50
758
513
881
915
782
160
340
339
401
959
46
934
352
826
473
81
682
471
830
348
234
170
178
627
453
524
197
180
429
600
606
540
772
-45
127
703
649
743
577
429
-46
174
464
737
-41
983
964
911
405
196
345
408
198
676
818
435
-98
838
592
334
405
-81
753
273
215
72
465
780
982
716
137
446
335
287
934
792
674
487
433
454
345
14
368
138
872
-45
553
562
-79
477
330
729
267
221
437
855
926
554
938
52
751
-94
811
597
117
923
46
359
284
765
118
355
359
433
692
133
941
435
912
847
35
556
686
776
445
373
671
520
-60
-72
245
924
374
450
679
195
-45
851
188
121
475
785
-9
899
534
767
-53
364
663
36
40
371
-50
965
-21
654
-36
566
723
420
404
273
-37
-70
528
818
450
558
-86
746
543
970
141
96
106
509
70
-30
-38
892
37
810
664
544
14
352
649
603
599
-41
-77
233
265
802
615
945
589
-73
572
682
672
836
782
98
528
765
204
165
419
208
725
444
-68
330
160
286
600
265
419
680
804
647
196
69
392
207
887
105
691
909
861
190
524
589
761
953
18
589
421
203
958
53
639
-73
256
877
871
997
55
490
790
465
529
267
602
677
651
107
947
808
-86
33
392
649
215
561
501
573
437
117
353
68
617
-84
116
-28
42
464
768
46
406
-75
295
680
642
954
379
397
471
74
836
16
54
997
152
681
671
757
662
507
940
-71
299
971
564
567
443
56
-17
531
852
172
695
401
1000
-19
641
516
994
794
896
253
949
493
850
-12
93
607
594
690
511
706
596
158
72
556
483
241
31
813
62
940
712
611
74
157
936
476
489
644
693
224
406
114
618
408
875
739
410
-100
-13
-8
204
406
153
793
518
589
111
570
710
23
586
617
623
257
617
75
408
365
351
43
433
54
429
934
392
56
-1
-86
-70
809
864
862
487
948
363
50
925
116
684
570
743
404
854
746
3
241
181
441
623
-65
-25
633
916
865
326
648
737
718
862
115
881
639
874
-51
977
-76
293
296
703
851
949
372
891
5
899
795
770
823
464
81
-4
-1
108
859
-48
888
367
947
290
39
406
741
339
759
-62
-32
318
336
456
107
527
443
877
945
314
138
-22
55
19
211
533
187
-74
18
5
463
570
188
829
518
239
435
978
-75
537
25
-32
865
384
486
56
63
736
621
473
354
636
614
440
331
196
396
719
200
-1
886
399
67
142
158
-47
401
658
782
131
542
957
-15
378
-71
-100
545
200
732
890
743
28
974
528
481
-25
568
828
854
-64
680
857
547
831
933
120
-13
168
31
283
53
462
862
767
765
970
704
16
35
483
378
615
808
716
531
525
115
333
78
692
219
186
736
134
839
315
53
615
832
161
832
953
768
548
140
634
407
985
588
731
695
213
221
830
397
80
954
76
936
282
217
465
795
181
444
534
541
210
280
342
793
444
946
911
847
-11
898
316
830
824
296
106
875
461
253
437
246
461
109
898
774
144
511
411
770
460
749
-58
709
407
398
438
891
26
-10
235
850
126
48
490
115
270
194
954
735
410
847
181
570
734
711
798
766
744
692
-37
760
679
202
31
975
233
-30
686
543
604
174
121
467
334
827
476
745
-29
976
-53
815
525
658
970
243
761
457
33
902
474
-47
893
106
481
-83
387
553
416
492
499
43
-7
26
553
500
401
452
561
165
978
187
813
443
406
486
935
577
-5
328
954
127
20
256
325
70
8
969
53
708
568
939
601
713
516
720
340
537
-36
124
862
531
303
880
323
211
859
-68
746
47
823
492
855
118
621
613
224
892
862
335
659
203
495
156
561
729
461
980
783
495
963
15
303
789
946
872
310
651
784
589
884
7
-75
368
878
873
-97
591
123
478
876
410
157
181
324
171
353
162
439
639
793
156
-27
348
134
830
815
776
404
-30
466
603
-58
737
472
621
667
712
638
369
431
43
827
484
985
280
122
112
137
325
683
40
-4
242
740
365
911
93
748
175
256
374
164
365
117
122
411
74
158
-34
638
341
371
666
289
495
911
387
364
960
-30
451
469
387
636
927
938
144
289
33
693
543
741
848
188
559
-30
790
-68
81
559
361
295
524
571
653
190
76
260
-30
585
672
280
920
569
-40
217
839
63
76
86
654
778
362
633
298
917
188
592
299
918
822
11
332
766
51
765
362
56
935
187
39
721
251
642
217
948
597
346
916
106
728
584
-84
57
846
349
244
171
223
178
685
648
260
157
916
-88
-57
552
895
881
938
24
841
512
929
234
820
418
101
256
574
126
698
621
686
167
269
437
198
455
531
654
667
563
198
744
469
285
972
634
64
603
19
385
331
197
120
565
850
-47
520
893
326
169
647
353
528
550
974
470
283
536
134
302
291
785
61
63
668
15
4
735
237
897
575
318
664
107
577
646
68
738
663
165
475
865
685
161
703
463
41
488
814
-82
715
527
907
-42
421
995
470
468
56
414
759
449
523
16
708
273
38
368
959
750
383
-4
423
78
344
403
454
152
4
917
441
682
163
1
613
641
317
-13
744
219
571
543
543
28
599
973
415
-72
-100
-16
579
457
389
631
473
443
785
346
844
356
958
166
896
894
210
756
273
-7
49
-49
400
-66
566
435
215
57
550
678
12
663
791
547
106
645
230
789
80
233
397
200
948
266
464
265
664
286
159
706
-100
211
533
-33
937
148
736
671
-74
219
-57
262
567
243
842
63
209
302
427
110
573
446
295
366
-27
267
12
615
769
-32
313
467
656
869
689
437
324
649
930
558
579
624
938
218
119
259
94
-49
860
-7
566
411
-45
399
987
-41
567
998
573
276
293
189
511
-27
654
917
608
902
22
309
634
330
22
801
888
527
778
163
685
979
254
181
241
483
613
-71
727
-22
15
451
357
767
-64
893
988
-42
450
877
627
467
747
177
458
976
490
532
624
177
872
814
963
-10
907
93
155
477
2
752
366
135
133
98
304
946
9
-39
836
163
467
985
-20
452
5
-38
314
-46
18
-97
429
587
243
-14
196
389
737
52
108
897
478
27
360
908
882
512
-31
514
541
194
116
406
300
463
453
977
332
129
-21
517
383
133
70
-7
485
491
233
-24
986
897
182
472
698
1000
716
633
-7
822
782
94
103
469
544
474
329
453
338
888
423
361
524
402
466
-40
-58
284
378
231
225
73
663
195
486
966
894
530
302
451
432
888
315
390
7
180
9
637
579
604
436
558
874
953
521
559
474
-41
187
-60
368
688
647
314
570
403
615
-99
-12
994
990
438
919
767
167
482
915
476
975
663
959
228
108
857
65
310
902
691
507
440
297
871
98
244
960
376
-21
69
-16
-27
-82
-96
279
631
389
176
521
185
883
290
85
123
341
524
904
619
727
188
-76
276
449
196
-80
447
-27
155
83
-62
309
386
210
576
-41
689
215
501
910
822
993
102
762
52
274
945
689
438
797
941
267
959
58
800
338
442
639
-10
290
644
432
668
343
578
-36
982
175
989
675
437
44
671
805
333
631
505
291
401
940
605
907
656
267
196
354
525
404
239
419
864
457
373
730
811
933
386
-52
-90
784
953
503
246
566
303
425
285
725
930
-76
824
28
900
477
675
201
461
254
-45
611
264
12
129
329
721
928
415
266
202
-35
247
398
413
714
898
329
55
637
721
-35
480
886
929
-66
43
402
373
447
612
644
150
894
73
91
223
191
439
663
736
309
11
203
992
905
614
1000
860
553
917
920
810
137
623
-66
404
235
936
644
238
310
75
69
973
42
412
984
741
311
936
18
873
-62
767
966
562
695
908
339
171
917
731
548
-11
118
652
760
65
120
337
652
61
260
3
713
253
942
206
-40
-65
152
295
431
338
743
192
300
608
198
129
711
313
117
434
853
949
200
150
184
11
592
820
187
740
966
-74
943
700
41
-53
792
531
542
198
909
-10
141
344
613
699
328
605
630
-53
968
12
851
85
-29
98
783
833
211
189
-28
348
726
248
1000
606
519
198
53
116
661
412
516
446
632
673
364
259
208
-27
606
909
298
49
28
298
511
477
470
76
848
943
376
182
259
687
555
884
-24
785
853
0
370
54
837
551
323
561
876
139
157
309
894
774
213
745
498
214
215
934
-26
733
410
643
235
53
103
931
563
311
400
181
520
39
950
171
920
320
586
672
668
209
173
329
764
794
918
339
662
344
82
119
444
33
170
998
-19
-75
-18
331
121
90
377
178
676
346
533
694
471
445
615
847
625
981
969
838
39
651
201
656
935
747
974
659
256
771
402
203
841
697
89
105
11
929
-66
569
759
403
723
882
628
509
893
220
130
237
578
372
366
285
386
805
988
991
963
425
73
731
716
165
764
7
337
20
-96
-29
17
31
-66
529
304
416
942
843
-92
4
961
52
553
156
624
403
96
811
461
4
110
239
684
228
309
924
825
237
652
517
393
534
670
-67
842
713
842
570
739
586
88
-14
-56
215
830
-97
353
143
422
145
772
295
377
-14
911
217
196
625
764
151
-67
757
462
621
893
904
920
621
99
369
979
459
62
462
305
291
957
602
276
585
176
456
425
290
548
817
981
2
500
807
185
432
173
665
356
685
688
875
479
553
261
625
875
724
913
544
-68
963
937
633
539
514
32
836
796
610
6
637
6
129
373
19
8
273
257
351
890
850
911
673
241
-97
482
289
203
-36
197
553
-41
247
492
101
334
197
684
251
77
445
610
545
153
581
172
594
375
915
506
699
109
821
-76
765
116
613
893
356
356
-67
874
16
991
911
379
409
718
986
-53
118
526
401
872
372
346
368
-14
789
735
254
772
-63
290
761
586
750
685
767
715
-12
454
248
201
974
-84
737
146
11
215
242
171
19
-82
160
723
51
718
759
78
591
410
945
742
-17
888
766
486
849
176
476
-73
-87
488
601
374
267
421
633
350
-81
603
964
482
135
515
230
75
191
662
48
-13
